=== Номер реализации -- 1 ====
Кластеризация DBSCAN:
Позиции 1-ого кластера - 187   242   457  1092  1255  1317  2289  2309  2902  4140  4257  4385  4448  5876  6379  6457  7098  7334  8388  9196
Позиции 2-ого кластера - 188   243   458  1093  1256  1318  2290  2310  2903  4141  4258  4386  4449  5877  6380  6458  7099  7335  8389  9197
Позиции 3-ого кластера - 189   244   459  1094  1153  1257  1319  2291  2311  2904  4142  4259  4387  4450  5878  6381  6459  7100  7336  8390  9198
Позиции 4-ого кластера - 190   245   460  1095  1258  1320  2292  2312  2905  4143  4260  4388  4451  5879  6382  6460  7101  7337  8391  9199
Позиции 5-ого кластера - 191   246   461  1096  1259  1321  2293  2313  2906  4144  4261  4389  4452  5880  6383  6461  7102  7338  8392  9200
Позиции 6-ого кластера - 192   247   462  1097  1260  1322  2294  2314  2907  4145  4262  4390  4453  5881  6384  6462  7103  7339  8393  9201
Позиции 7-ого кластера - 193   248   463  1098  1261  1323  2295  2315  2908  4146  4263  4391  4454  5882  6385  6463  7104  7340  8394  9202
Позиции 8-ого кластера - 194   249   464  1099  1262  1324  2296  2316  2909  4147  4264  4392  4455  5883  6386  6464  7105  7341  8395  9203
Позиции 9-ого кластера - 342   927  3373  3711  3819  6024  7120  8103  8841
Позиции 10-ого кластера - 380  2723  4433  6745  6768  7291  9471
Позиции 11-ого кластера - 381  2724  4434  6746  6769  7292  9472
Позиции 12-ого кластера - 382  2725  4435  6747  6770  7293  9473
Позиции 13-ого кластера - 383  2726  4436  6748  6771  7294  9474
Позиции 14-ого кластера - 384  2727  4437  6749  6772  7295  9475
Позиции 15-ого кластера - 385  2728  4438  6750  6773  7296  7741  9476
Позиции 16-ого кластера - 386  2729  4439  6751  6774  7297  7742  9477
Позиции 17-ого кластера - 387  2730  4440  6752  6775  7298  9478
Позиции 18-ого кластера - 388  2731  4441  6753  6776  7299  9479
Позиции 19-ого кластера - 389  2732  4442  6754  6777  7300  9480
Позиции 20-ого кластера - 390  2733  4443  6755  6778  7301  9481
Позиции 21-ого кластера - 391  2734  4444  6756  6779  7302  9482
Позиции 22-ого кластера - 392  2735  4445  6757  6780  7303  9483
Позиции 23-ого кластера - 507   716  1718  1793  3498  4267  7851  8504  8774
Позиции 24-ого кластера - 508   717  1719  1794  3499  4268  7852  8505  8775
Позиции 25-ого кластера - 509   718  1720  1795  3500  4269  7853  8506  8776
Позиции 26-ого кластера - 510   719  1721  1796  3501  4270  7854  8507  8777
Позиции 27-ого кластера - 511   720  1722  1797  3502  4271  7855  8508  8778
Позиции 28-ого кластера - 921  3367  3705  3813  4300  6018  6201  7114  8097  8835
Позиции 29-ого кластера - 922  3368  3706  3814  6019  7115  8098  8836
Позиции 30-ого кластера - 923  3369  3707  3815  6020  7116  8099  8837
Позиции 31-ого кластера - 924  3370  3708  3816  6021  7117  8100  8838
Позиции 32-ого кластера - 925  3371  3709  3817  6022  7118  8101  8839
Позиции 33-ого кластера - 926  3372  3710  3818  6023  7119  8102  8840
Позиции 34-ого кластера - 928  3374  3712  3820  6025  7121  8104  8842
Позиции 35-ого кластера - 929  3375  3713  3821  6026  7122  8105  8843
Позиции 36-ого кластера - 930  3376  3714  3822  6027  7123  8106  8844
Позиции 37-ого кластера - 931  3377  3715  3823  6028  7124  8107  8845
Позиции 38-ого кластера - 932  3378  3716  3824  6029  7125  8108  8846
Позиции 39-ого кластера - 933  3379  3717  3825  5677  6030  7126  8109  8847
Позиции 40-ого кластера - 934  3380  3718  3826  6031  7127  8110  8848
Позиции 41-ого кластера - 935  3381  3719  3827  6032  7128  8111  8849
Позиции 42-ого кластера - 936  3382  3720  3828  6033  7129  8112  8850
Позиции 43-ого кластера - 937  3383  3721  3829  6034  7130  8113  8851
Позиции 44-ого кластера - 938  3384  3722  3830  6035  7131  8114  8852
Позиции 45-ого кластера - 1391  2955  3605  4299  5753  6200  6832  6837  7236  8969
